from_stop_id,to_stop_id,transfer_type,min_transfer_time
891085001801,891085001801,2,180
891085013108,891085013108,2,180
891085013114,891085013114,2,180
891085003120,891085003120,2,180
891085003122,891085003122,2,180
891085003124,891085003124,2,180
891085013401,891085013401,2,180
891085013403,891085013403,2,180
891085013405,891085013405,2,180
891085013908,891085013908,2,180
891085013906,891085013906,2,180
891085013904,891085013904,2,180
891085013902,891085013902,2,180
891085003220,891085003220,2,180
891085003218,891085003218,2,180
891085003216,891085003216,2,180
891085003214,891085003214,2,180
891085003226,891085003226,2,180
891085000124,891085000124,2,180
891085020113,891085020113,2,180
891085020114,891085020114,2,180
891085020115,891085020115,2,180
891085020116,891085020116,2,180
891085020117,891085020117,2,180
891085020118,891085020118,2,180
891085020119,891085020119,2,180
891085020120,891085020120,2,180
891085020164,891085020164,2,180
891085000102,891085000102,2,180
891085000109,891085000109,2,180
891085000110,891085000110,2,180
891085000111,891085000111,2,180
891085000112,891085000112,2,180
891085000169,891085000169,2,180
891085000203,891085000203,2,180
891085000205,891085000205,2,180
891085000207,891085000207,2,180
891085000209,891085000209,2,180
891085010301,891085010301,2,180
891085010303,891085010303,2,180
891085010305,891085010305,2,180
891085000301,891085000301,2,180
891085000303,891085000303,2,180
891085000305,891085000305,2,180
891085000307,891085000307,2,180
891085000309,891085000309,2,180
891085000311,891085000311,2,180
891085000313,891085000313,2,180
891085000315,891085000315,2,180
891085010401,891085010401,2,180
891085010403,891085010403,2,180
891085010407,891085010407,2,180
891085000401,891085000401,2,180
891085000403,891085000403,2,180
891085000405,891085000405,2,180
891085000407,891085000407,2,180
891085000409,891085000409,2,180
891085000501,891085000501,2,180
891085000503,891085000503,2,180
891085000601,891085000601,2,180
891085000603,891085000603,2,180
891085000605,891085000605,2,180
891085000607,891085000607,2,180
891085000609,891085000609,2,180
891085000611,891085000611,2,180
891085000613,891085000613,2,180
891085000615,891085000615,2,180
891085000617,891085000617,2,180
891085000619,891085000619,2,180
891085000621,891085000621,2,180
891085000623,891085000623,2,180
891085000701,891085000701,2,180
891085000703,891085000703,2,180
891085000705,891085000705,2,180
891085000707,891085000707,2,180
891085000709,891085000709,2,180
891085000711,891085000711,2,180
891085010701,891085010701,2,180
891085010703,891085010703,2,180
891085010705,891085010705,2,180
891085010707,891085010707,2,180
891085010709,891085010709,2,180
891085010711,891085010711,2,180
891085011901,891085011901,2,180
891085011903,891085011903,2,180
891085011905,891085011905,2,180
891085011907,891085011907,2,180
891085000801,891085000801,2,180
891085000802,891085000802,2,180
891085000804,891085000804,2,180
891085000805,891085000805,2,180
891085000909,891085000909,2,180
891085040104,891085040104,2,180
891085000620,891085000620,2,180
891085000618,891085000618,2,180
891085000616,891085000616,2,180
891085000614,891085000614,2,180
891085000612,891085000612,2,180
891085000610,891085000610,2,180
891085000608,891085000608,2,180
891085000606,891085000606,2,180
891085000604,891085000604,2,180
891085000602,891085000602,2,180
891085000410,891085000410,2,180
891085000408,891085000408,2,180
891085000406,891085000406,2,180
891085000404,891085000404,2,180
891085000402,891085000402,2,180
891085010408,891085010408,2,180
891085010404,891085010404,2,180
891085010406,891085010406,2,180
891085010402,891085010402,2,180
891085000314,891085000314,2,180
891085000312,891085000312,2,180
891085000310,891085000310,2,180
891085000308,891085000308,2,180
891085000306,891085000306,2,180
891085000304,891085000304,2,180
891085000302,891085000302,2,180
891085010306,891085010306,2,180
891085010304,891085010304,2,180
891085010302,891085010302,2,180
891085000210,891085000210,2,180
891085000208,891085000208,2,180
891085000206,891085000206,2,180
891085000204,891085000204,2,180
891085020103,891085020103,2,180
891085020104,891085020104,2,180
891085020162,891085020162,2,180
891085020106,891085020106,2,180
891085020107,891085020107,2,180
891085020108,891085020108,2,180
891085000910,891085000910,2,180
891085000906,891085000906,2,180
891085000904,891085000904,2,180
891085000902,891085000902,2,180
891085000810,891085000810,2,180
891085000811,891085000811,2,180
891085000803,891085000803,2,180
891085000818,891085000818,2,180
891085000812,891085000812,2,180
891085000806,891085000806,2,180
891085000813,891085000813,2,180
891085011908,891085011908,2,180
891085011906,891085011906,2,180
891085011904,891085011904,2,180
891085011902,891085011902,2,180
891085010712,891085010712,2,180
891085010710,891085010710,2,180
891085010708,891085010708,2,180
891085010706,891085010706,2,180
891085010704,891085010704,2,180
891085010702,891085010702,2,180
891085000712,891085000712,2,180
891085000710,891085000710,2,180
891085000708,891085000708,2,180
891085000704,891085000704,2,180
891085000702,891085000702,2,180
891085000622,891085000622,2,180
891085020101,891085020101,2,180
891085020159,891085020159,2,180
891085000147,891085000147,2,180
891085003101,891085003101,2,180
891085003110,891085003110,2,180
891085020108,891085020108,2,180
891085001101,891085001101,2,180
891085001103,891085001103,2,180
891085001105,891085001105,2,180
891085001114,891085001114,2,180
891085001610,891085001610,2,180
891085001611,891085001611,2,180
891085012105,891085012105,2,180
891085012106,891085012106,2,180
891085012107,891085012107,2,180
891085010313,891085010313,2,180
891085010314,891085010314,2,180
891085010315,891085010315,2,180
891085010316,891085010316,2,180
891085010317,891085010317,2,180
891085000117,891085000117,2,180
891085000118,891085000118,2,180
891085000119,891085000119,2,180
891085000120,891085000120,2,180
891085000121,891085000121,2,180
891085000122,891085000122,2,180
891085000123,891085000123,2,180
891085003226,891085003226,2,180
891085003213,891085003213,2,180
891085003215,891085003215,2,180
891085003217,891085003217,2,180
891085003219,891085003219,2,180
891085003221,891085003221,2,180
891085013901,891085013901,2,180
891085013903,891085013903,2,180
891085013909,891085013909,2,180
891085013910,891085013910,2,180
891085013911,891085013911,2,180
891085013912,891085013912,2,180
891085013913,891085013913,2,180
891085013914,891085013914,2,180
891085013905,891085013905,2,180
891085013907,891085013907,2,180
891085013404,891085013404,2,180
891085013407,891085013407,2,180
891085013402,891085013402,2,180
891085003125,891085003125,2,180
891085003123,891085003123,2,180
891085003121,891085003121,2,180
891085003115,891085003115,2,180
891085020123,891085020123,2,180
891085020124,891085020124,2,180
891085020125,891085020125,2,180
891085020126,891085020126,2,180
891085020127,891085020127,2,180
891085020128,891085020128,2,180
891085020129,891085020129,2,180
891085000502,891085000502,2,180
891085000504,891085000504,2,180
891085003107,891085003107,2,180
891085003108,891085003108,2,180
891085003109,891085003109,2,180
891085003111,891085003111,2,180
891085003112,891085003112,2,180
891085003113,891085003113,2,180
891085003114,891085003114,2,180
891085000102,891085000102,2,180
891085000807,891085000807,2,180
891085000808,891085000808,2,180
891085000809,891085000809,2,180
891085000901,891085000901,2,180
891085000903,891085000903,2,180
891085000905,891085000905,2,180
891085000907,891085000907,2,180
891085000908,891085000908,2,180
891085000912,891085000912,2,180
891085011806,891085011806,2,180
891085011804,891085011804,2,180
891085011802,891085011802,2,180
891085000102,891085000102,2,180
891085000128,891085000128,2,180
891085000129,891085000129,2,180
891085000130,891085000130,2,180
891085000131,891085000131,2,180
891085000132,891085000132,2,180
891085000133,891085000133,2,180
891085000134,891085000134,2,180
891085000127,891085000127,2,180
891085003102,891085003102,2,180
891085003104,891085003104,2,180
891085003105,891085003105,2,180
891085003106,891085003106,2,180
891085000135,891085000135,2,180
891085003103,891085003103,2,180
891085011801,891085011801,2,180
891085011803,891085011803,2,180
891085011805,891085011805,2,180
891085000913,891085000913,2,180
891085013113,891085013113,2,180
891085013107,891085013107,2,180
891085001803,891085001803,2,180
891085013702,891085013702,2,180
891085013703,891085013703,2,180
891085013704,891085013704,2,180
891085013705,891085013705,2,180
891085013818,891085013818,2,180
891085013815,891085013815,2,180
891085013814,891085013814,2,180
891085013812,891085013812,2,180
891085013810,891085013810,2,180
891085013806,891085013806,2,180
891085013804,891085013804,2,180
891085013802,891085013802,2,180
891085003209,891085003209,2,180
891085013707,891085013707,2,180
891085010311,891085010311,2,180
891085010312,891085010312,2,180
891085012101,891085012101,2,180
891085012103,891085012103,2,180
891085001113,891085001113,2,180
891085001110,891085001110,2,180
891085001104,891085001104,2,180
891085001106,891085001106,2,180
891085001102,891085001102,2,180
891085000160,891085000160,2,180
891085000161,891085000161,2,180
891085000162,891085000162,2,180
891085000163,891085000163,2,180
891085000164,891085000164,2,180
891085003201,891085003201,2,180
891085003203,891085003203,2,180
891085003205,891085003205,2,180
891085003207,891085003207,2,180
891085003301,891085003301,2,180
891085003303,891085003303,2,180
891085003305,891085003305,2,180
891085003307,891085003307,2,180
891085003309,891085003309,2,180
891085003311,891085003311,2,180
891085003313,891085003313,2,180
891085003315,891085003315,2,180
891085003317,891085003317,2,180
891085003319,891085003319,2,180
891085003401,891085003401,2,180
891085003403,891085003403,2,180
891085003405,891085003405,2,180
891085003407,891085003407,2,180
891085003409,891085003409,2,180
891085003411,891085003411,2,180
891085003413,891085003413,2,180
891085003415,891085003415,2,180
891085003501,891085003501,2,180
891085003503,891085003503,2,180
891085003607,891085003607,2,180
891085003601,891085003601,2,180
891085003603,891085003603,2,180
891085003711,891085003711,2,180
891085003703,891085003703,2,180
891085003705,891085003705,2,180
891085003707,891085003707,2,180
891085003713,891085003713,2,180
891085003717,891085003717,2,180
891085003715,891085003715,2,180
891085003709,891085003709,2,180
891085003901,891085003901,2,180
891085003903,891085003903,2,180
891085003809,891085003809,2,180
891085003811,891085003811,2,180
891085003813,891085003813,2,180
891085003815,891085003815,2,180
891085003817,891085003817,2,180
891085003800,891085003800,2,180
891085003800,891085003800,2,180
891085040105,891085040105,2,180
891085003816,891085003816,2,180
891085003814,891085003814,2,180
891085003812,891085003812,2,180
891085003810,891085003810,2,180
891085003906,891085003906,2,180
891085003912,891085003912,2,180
891085003902,891085003902,2,180
891085003716,891085003716,2,180
891085003718,891085003718,2,180
891085003714,891085003714,2,180
891085003708,891085003708,2,180
891085003706,891085003706,2,180
891085003702,891085003702,2,180
891085003604,891085003604,2,180
891085003602,891085003602,2,180
891085003608,891085003608,2,180
891085003504,891085003504,2,180
891085003502,891085003502,2,180
891085003418,891085003418,2,180
891085003416,891085003416,2,180
891085003414,891085003414,2,180
891085003412,891085003412,2,180
891085003410,891085003410,2,180
891085003408,891085003408,2,180
891085003406,891085003406,2,180
891085003404,891085003404,2,180
891085003402,891085003402,2,180
891085003320,891085003320,2,180
891085003318,891085003318,2,180
891085003316,891085003316,2,180
891085003314,891085003314,2,180
891085003312,891085003312,2,180
891085003310,891085003310,2,180
891085003308,891085003308,2,180
891085003306,891085003306,2,180
891085003304,891085003304,2,180
891085003302,891085003302,2,180
891085003210,891085003210,2,180
891085003208,891085003208,2,180
891085003206,891085003206,2,180
891085003204,891085003204,2,180
891085003202,891085003202,2,180
891085020157,891085020157,2,180
891085020156,891085020156,2,180
891085020155,891085020155,2,180
891085020154,891085020154,2,180
891085020153,891085020153,2,180
891085000153,891085000153,2,180
891085020121,891085020121,2,180
891085000151,891085000151,2,180
891085000152,891085000152,2,180
891085000156,891085000156,2,180
891085000158,891085000158,2,180
891085000159,891085000159,2,180
891085000166,891085000166,2,180
891085013708,891085013708,2,180
891085013709,891085013709,2,180
891085013710,891085013710,2,180
891085020150,891085020150,2,180
891085020149,891085020149,2,180
891085020148,891085020148,2,180
891085020147,891085020147,2,180
891085020151,891085020151,2,180
891085020152,891085020152,2,180
891085000125,891085000125,2,180
891085020145,891085020145,2,180
891085003605,891085003605,2,180
891085003606,891085003606,2,180
891085003118,891085003118,2,180
891085014801,891085014801,2,180
891085003820,891085003820,2,180
891085003822,891085003822,2,180
891085003860,891085003860,2,180
891085003861,891085003861,2,180
891085003880,891085003880,2,180
891085003863,891085003863,2,180
891085003895,891085003895,2,180
891085003831,891085003831,2,180
891085003869,891085003869,2,180
891085003870,891085003870,2,180
891085003871,891085003871,2,180
891085003872,891085003872,2,180
891085003829,891085003829,2,180
891085003876,891085003876,2,180
891085003825,891085003825,2,180
891085003823,891085003823,2,180
891085003821,891085003821,2,180
891085003827,891085003827,2,180
891085003841,891085003841,2,180
891085014802,891085014802,2,180
891085000102,891085000102,2,180
891085000113,891085000113,2,180
891085000114,891085000114,2,180
891085001201,891085001201,2,180
891085001301,891085001301,2,180
891085001405,891085001405,2,180
891085001403,891085001403,2,180
891085001401,891085001401,2,180
891085001505,891085001505,2,180
891085001507,891085001507,2,180
891085001501,891085001501,2,180
891085001503,891085001503,2,180
891085011501,891085011501,2,180
891085011503,891085011503,2,180
891085002320,891085002320,2,180
891085002321,891085002321,2,180
891085002305,891085002305,2,180
891085002307,891085002307,2,180
891085002323,891085002323,2,180
891085007103,891085007103,2,180
891085007106,891085007106,2,180
891085007102,891085007102,2,180
891085002436,891085002436,2,180
891085002438,891085002438,2,180
891085002427,891085002427,2,180
891085002414,891085002414,2,180
891085002410,891085002410,2,180
891085002408,891085002408,2,180
891085002406,891085002406,2,180
891085002403,891085002403,2,180
891085002402,891085002402,2,180
891085002316,891085002316,2,180
891085002312,891085002312,2,180
891085002310,891085002310,2,180
891085002308,891085002308,2,180
891085002319,891085002319,2,180
891085011504,891085011504,2,180
891085011502,891085011502,2,180
891085001504,891085001504,2,180
891085001502,891085001502,2,180
891085001508,891085001508,2,180
891085001506,891085001506,2,180
891085001402,891085001402,2,180
891085001404,891085001404,2,180
891085001406,891085001406,2,180
891085001302,891085001302,2,180
891085001202,891085001202,2,180
891085020102,891085020102,2,180
891085013001,891085013001,2,180
891085001108,891085001108,2,180
891085001109,891085001109,2,180
891085002309,891085002309,2,180
891085002317,891085002317,2,180
891085002401,891085002401,2,180
891085002405,891085002405,2,180
891085002306,891085002306,2,180
891085002311,891085002311,2,180
891085002313,891085002313,2,180
891085002315,891085002315,2,180
891085040103,891085040103,2,180
891085001607,891085001607,2,180
891085001605,891085001605,2,180
891085001603,891085001603,2,180
891085001601,891085001601,2,180
891085007401,891085007401,2,180
891085007302,891085007302,2,180
891085007206,891085007206,2,180
891085007204,891085007204,2,180
891085007201,891085007201,2,180
891085007108,891085007108,2,180
891085000148,891085000148,2,180
891085000136,891085000136,2,180
891085000137,891085000137,2,180
891085000168,891085000168,2,180
891085000138,891085000138,2,180
891085000139,891085000139,2,180
891085020166,891085020166,2,180
891085001602,891085001602,2,180
891085001604,891085001604,2,180
891085001606,891085001606,2,180
891085001111,891085001111,2,180
891085001112,891085001112,2,180
891085000140,891085000140,2,180
891085000141,891085000141,2,180
891085040101,891085040101,2,180
891085020141,891085020141,2,180
891085020167,891085020167,2,180
891085020142,891085020142,2,180
891085020143,891085020143,2,180
891085002435,891085002435,2,180
891085007101,891085007101,2,180
891085007105,891085007105,2,180
891085007104,891085007104,2,180
891085002324,891085002324,2,180
891085020140,891085020140,2,180
891085040125,891085040125,2,180
891085040124,891085040124,2,180
891085002431,891085002431,2,180
891085007107,891085007107,2,180
891085007203,891085007203,2,180
891085007205,891085007205,2,180
891085007301,891085007301,2,180
891085007202,891085007202,2,180
891085013002,891085013002,2,180
891085000102,891085000102,2,180
891085001703,891085001703,2,180
891085001808,891085001808,2,180
891085001810,891085001810,2,180
891085001805,891085001805,2,180
891085001807,891085001807,2,180
891085001809,891085001809,2,180
891085001901,891085001901,2,180
891085001903,891085001903,2,180
891085001909,891085001909,2,180
891085002001,891085002001,2,180
891085002003,891085002003,2,180
891085002005,891085002005,2,180
891085002007,891085002007,2,180
891085002108,891085002108,2,180
891085002103,891085002103,2,180
891085002107,891085002107,2,180
891085002201,891085002201,2,180
891085002203,891085002203,2,180
891085002205,891085002205,2,180
891085002207,891085002207,2,180
891085002209,891085002209,2,180
891085002412,891085002412,2,180
891085002419,891085002419,2,180
891085002421,891085002421,2,180
891085002423,891085002423,2,180
891085002434,891085002434,2,180
891085002445,891085002445,2,180
891085002429,891085002429,2,180
891085002430,891085002430,2,180
891085002433,891085002433,2,180
891085002432,891085002432,2,180
891085002444,891085002444,2,180
891085002443,891085002443,2,180
891085002446,891085002446,2,180
891085002437,891085002437,2,180
891085002507,891085002507,2,180
891085002501,891085002501,2,180
891085002503,891085002503,2,180
891085002505,891085002505,2,180
891085004801,891085004801,2,180
891085004803,891085004803,2,180
891085002601,891085002601,2,180
891085002603,891085002603,2,180
891085002605,891085002605,2,180
891085002609,891085002609,2,180
891085012705,891085012705,2,180
891085012701,891085012701,2,180
891085012703,891085012703,2,180
891085002701,891085002701,2,180
891085002703,891085002703,2,180
891085002801,891085002801,2,180
891085002901,891085002901,2,180
891085002903,891085002903,2,180
891085002905,891085002905,2,180
891085003001,891085003001,2,180
891085003003,891085003003,2,180
891085003005,891085003005,2,180
891085003007,891085003007,2,180
891085003801,891085003801,2,180
891085003891,891085003891,2,180
891085003803,891085003803,2,180
891085003805,891085003805,2,180
891085003807,891085003807,2,180
891085003819,891085003819,2,180
891085003800,891085003800,2,180
891085003833,891085003833,2,180
891085002407,891085002407,2,180
891085002409,891085002409,2,180
891085002411,891085002411,2,180
891085002413,891085002413,2,180
891085002415,891085002415,2,180
891085002417,891085002417,2,180
891085001806,891085001806,2,180
891085001812,891085001812,2,180
891085001804,891085001804,2,180
891085001704,891085001704,2,180
891085001702,891085001702,2,180
891085002404,891085002404,2,180
891085002314,891085002314,2,180
891085002318,891085002318,2,180
891085002302,891085002302,2,180
891085002210,891085002210,2,180
891085002208,891085002208,2,180
891085002206,891085002206,2,180
891085002204,891085002204,2,180
891085002202,891085002202,2,180
891085002106,891085002106,2,180
891085002104,891085002104,2,180
891085002102,891085002102,2,180
891085002008,891085002008,2,180
891085002006,891085002006,2,180
891085002004,891085002004,2,180
891085002002,891085002002,2,180
891085001910,891085001910,2,180
891085001904,891085001904,2,180
891085001902,891085001902,2,180
891085001802,891085001802,2,180
891085003800,891085003800,2,180
891085003818,891085003818,2,180
891085003808,891085003808,2,180
891085003806,891085003806,2,180
891085003804,891085003804,2,180
891085003892,891085003892,2,180
891085003802,891085003802,2,180
891085003008,891085003008,2,180
891085003006,891085003006,2,180
891085003004,891085003004,2,180
891085003002,891085003002,2,180
891085002906,891085002906,2,180
891085002904,891085002904,2,180
891085002902,891085002902,2,180
891085002704,891085002704,2,180
891085002702,891085002702,2,180
891085012704,891085012704,2,180
891085012702,891085012702,2,180
891085002610,891085002610,2,180
891085002608,891085002608,2,180
891085002606,891085002606,2,180
891085002604,891085002604,2,180
891085002602,891085002602,2,180
891085004804,891085004804,2,180
891085004802,891085004802,2,180
891085002506,891085002506,2,180
891085002504,891085002504,2,180
891085002502,891085002502,2,180
891085002508,891085002508,2,180
891085002802,891085002802,2,180
891085001701,891085001701,2,180
891085001905,891085001905,2,180
891085001907,891085001907,2,180
891085001908,891085001908,2,180
891085001706,891085001706,2,180
891085002442,891085002442,2,180
891085012501,891085012501,2,180
891085012503,891085012503,2,180
891085012505,891085012505,2,180
891085012601,891085012601,2,180
891085012603,891085012603,2,180
891085012604,891085012604,2,180
891085012602,891085012602,2,180
891085012506,891085012506,2,180
891085012504,891085012504,2,180
891085012502,891085012502,2,180
891085002441,891085002441,2,180
891085003824,891085003824,2,180
891085003828,891085003828,2,180
891085003830,891085003830,2,180
891085004601,891085004601,2,180
891085014601,891085014601,2,180
891085014605,891085014605,2,180
891085014603,891085014603,2,180
891085004212,891085004212,2,180
891085004210,891085004210,2,180
891085004208,891085004208,2,180
891085004202,891085004202,2,180
891085004302,891085004302,2,180
891085014606,891085014606,2,180
891085002908,891085002908,2,180
891085002301,891085002301,2,180
891085002303,891085002303,2,180
891085002418,891085002418,2,180
891085002425,891085002425,2,180
891085040132,891085040132,2,180
891085011301,891085011301,2,180
891085011401,891085011401,2,180
891085011403,891085011403,2,180
891085011405,891085011405,2,180
891085011407,891085011407,2,180
891085000415,891085000415,2,180
891085000413,891085000413,2,180
891085000412,891085000412,2,180
891085000625,891085000625,2,180
891085000627,891085000627,2,180
891085001005,891085001005,2,180
891085001006,891085001006,2,180
891085001004,891085001004,2,180
891085001002,891085001002,2,180
891085000816,891085000816,2,180
891085000411,891085000411,2,180
891085000416,891085000416,2,180
891085011408,891085011408,2,180
891085011406,891085011406,2,180
891085011404,891085011404,2,180
891085011402,891085011402,2,180
891085000714,891085000714,2,180
891085000911,891085000911,2,180
891085001001,891085001001,2,180
891085001003,891085001003,2,180
891085003223,891085003223,2,180
891085003225,891085003225,2,180
891085013204,891085013204,2,180
891085013310,891085013310,2,180
891085013308,891085013308,2,180
891085013306,891085013306,2,180
891085013304,891085013304,2,180
891085013302,891085013302,2,180
891085003224,891085003224,2,180
891085003222,891085003222,2,180
891085020135,891085020135,2,180
891085020136,891085020136,2,180
891085020137,891085020137,2,180
891085020138,891085020138,2,180
891085020139,891085020139,2,180
891085003910,891085003910,2,180
891085003909,891085003909,2,180
891085003908,891085003908,2,180
891085003907,891085003907,2,180
891085003904,891085003904,2,180
891085003800,891085003800,2,180
891085003710,891085003710,2,180
891085003712,891085003712,2,180
891085003826,891085003826,2,180
891085003834,891085003834,2,180
891085003832,891085003832,2,180
891085003838,891085003838,2,180
891085004501,891085004501,2,180
891085004003,891085004003,2,180
891085004106,891085004106,2,180
891085004104,891085004104,2,180
891085004102,891085004102,2,180
891085004203,891085004203,2,180
891085014602,891085014602,2,180
891085014604,891085014604,2,180
891085004602,891085004602,2,180
891085004701,891085004701,2,180
891085004702,891085004702,2,180
891085004213,891085004213,2,180
891085004204,891085004204,2,180
891085003836,891085003836,2,180
891085004403,891085004403,2,180
891085004401,891085004401,2,180
891085004111,891085004111,2,180
891085004103,891085004103,2,180
891085004105,891085004105,2,180
891085004107,891085004107,2,180
891085004006,891085004006,2,180
891085004008,891085004008,2,180
891085004502,891085004502,2,180
891085003837,891085003837,2,180
891085004005,891085004005,2,180
891085004108,891085004108,2,180
891085004402,891085004402,2,180
891085004404,891085004404,2,180
891085003835,891085003835,2,180
891085004004,891085004004,2,180
891085010203,891085010203,2,180
891085010204,891085010204,2,180
891085010207,891085010207,2,180
891085010209,891085010209,2,180
891085010210,891085010210,2,180
891085020168,891085020168,2,180
891085010201,891085010201,2,180
891085010202,891085010202,2,180
891085010208,891085010208,2,180
891085000211,891085000211,2,180
891085000213,891085000213,2,180
891085001608,891085001608,2,180
891085001711,891085001711,2,180
891085001712,891085001712,2,180
891085001609,891085001609,2,180
891085040121,891085040121,2,180
891085040102,891085040102,2,180
891085000101,891085000101,2,180
891085000146,891085000146,2,180
891085012901,891085012901,2,180
891085012903,891085012903,2,180
891085012904,891085012904,2,180
891085012905,891085012905,2,180
891085012906,891085012906,2,180
891085012902,891085012902,2,180
